import numpy as np

EIGEN_VALUES_0819 = np.array([0.20815439, 0.12871512, 0.07660112, 0.04011951, 0.03887129,
       0.0362837 , 0.0293359 , 0.02610542, 0.02309427, 0.01430177,
       0.01077971, 0.00095792, 0.00126424, 0.00683779, 0.00564003,
       0.00324119, 0.00405051, 0.00373437])

EIGEN_VECTORS_0819 = np.array([[ 1.04454058e-01, -1.44929482e-01, -3.04390867e-02,
        -2.71000464e-01,  1.77201161e-01, -1.86927452e-01,
         2.90917297e-01,  3.22583871e-01,  4.36612607e-01,
         1.36607645e-01, -2.93935028e-01,  1.68591843e-02,
         5.82748070e-02, -2.34151090e-01, -4.68947639e-01,
         1.50428611e-01,  1.59621345e-01,  1.28316362e-01],
       [-6.21537042e-02,  1.60071678e-01, -1.62903681e-02,
         3.02833912e-01, -1.08763110e-01,  1.78244786e-01,
        -2.62431205e-01, -2.96034369e-01, -2.97630658e-01,
        -3.64493818e-02, -2.85468666e-01,  2.85486780e-03,
         2.67308069e-01, -1.04200470e-01, -5.55847569e-01,
         2.23439577e-01,  2.10537741e-01,  1.46597395e-01],
       [-2.00235631e-02,  5.08408283e-02,  8.40406056e-05,
         8.26241487e-02, -2.14614587e-02,  4.84998333e-02,
        -5.96278834e-02, -9.13577869e-02, -2.42860448e-02,
         1.37033843e-02, -1.33663979e-01,  1.50148761e-01,
        -9.39605105e-01, -8.24170640e-02, -1.87513327e-01,
        -6.02836062e-02,  4.40515037e-02,  6.24373828e-02],
       [-2.93348217e-01,  1.95689950e-01,  2.05155906e-02,
        -9.82809157e-02,  6.25417961e-01,  1.41458160e-01,
         2.30865925e-01, -5.22914664e-01,  1.75836653e-01,
        -9.02904418e-02, -6.32449290e-02, -2.29223798e-03,
         6.13551460e-02, -2.40670033e-04, -1.17039957e-02,
        -2.83581030e-01, -7.67835656e-03,  1.48546424e-02],
       [ 1.86013045e-01,  3.46123514e-01, -1.53473589e-01,
         6.06882308e-01,  1.58397919e-01, -1.51177939e-02,
        -2.51589467e-01,  2.57168504e-01,  4.14901862e-01,
         1.21171604e-01,  7.69245097e-02, -1.98371692e-02,
         5.78787374e-02, -1.00333589e-01,  1.09402683e-02,
        -2.94197225e-01, -5.60248100e-02,  5.12032679e-02],
       [-1.45369820e-02,  1.43465314e-01, -1.12197215e-02,
         1.60198459e-01,  3.08789089e-01,  2.57597942e-02,
         6.20060354e-02,  6.66494966e-03,  1.26915442e-01,
        -6.20347348e-02,  4.35137627e-01,  6.54169738e-03,
        -1.16935887e-01,  1.70666188e-01,  6.63161025e-03,
         7.56988313e-01,  1.44876864e-01, -8.54668775e-02],
       [-2.37833920e-01,  2.31145264e-01, -1.58121076e-03,
        -2.78917162e-01,  4.10859736e-01,  1.02196662e-01,
        -3.62877076e-01,  5.38852993e-01, -3.34278303e-01,
        -5.43494460e-02, -1.53262930e-01,  4.84800247e-03,
        -1.87184230e-02,  1.27505664e-01, -5.37987558e-03,
         2.35270926e-02, -1.69737646e-01,  1.63423147e-01],
       [ 2.15738068e-01,  2.92434098e-01,  3.08149155e-01,
         1.07217783e-01,  1.67436316e-01, -7.36290372e-01,
         1.72131218e-01, -3.26912242e-02, -3.78679939e-01,
        -3.01654078e-02, -1.85349605e-02, -3.35440281e-03,
        -5.84407133e-03, -6.50114615e-02, -1.30832095e-02,
        -6.03692932e-02,  6.81958274e-02, -5.69328065e-02],
       [-1.00086981e-01,  5.89324661e-03, -2.06130401e-02,
        -1.09159781e-01,  7.78552973e-02,  1.38566891e-01,
        -1.24106636e-01,  1.63164900e-01, -1.26340360e-01,
        -5.48319993e-04,  1.94446458e-01, -1.05891920e-02,
         1.55936763e-03, -4.08047266e-01,  1.37020041e-02,
        -1.83053592e-01,  6.05414423e-01, -5.38245210e-01],
       [ 2.06309795e-02,  7.82862968e-03, -2.07801490e-02,
        -2.16537050e-03, -2.71628565e-02, -3.13791941e-02,
        -2.77559351e-02, -2.29408871e-03,  6.17630521e-02,
        -1.86600372e-01, -1.51141486e-01, -3.61827346e-01,
        -5.90968682e-02,  4.15204112e-02,  3.96142402e-01,
         7.98324683e-03,  5.77831057e-01,  5.55052828e-01],
       [ 5.46886748e-02,  5.57419035e-02, -2.24870885e-03,
        -1.30586891e-01, -1.04255993e-01, -1.64448188e-01,
        -2.59199653e-01, -3.19897521e-02,  2.79234985e-01,
        -8.60469579e-01, -4.74097405e-02,  5.85929782e-02,
         6.07179223e-03, -7.52350100e-02, -7.85431644e-02,
         2.00044333e-02, -1.10300030e-01, -1.49098298e-01],
       [ 2.14332032e-03,  1.22608394e-02, -7.36406828e-03,
        -4.47987669e-04, -7.98488292e-03, -1.39885832e-02,
        -3.78333993e-03,  5.32638757e-03,  1.63506126e-02,
        -9.76196253e-03, -2.25625911e-02,  9.16767141e-01,
         1.30952754e-01,  3.58185720e-05,  2.12762905e-01,
         4.31073128e-03,  2.19038027e-01,  2.18499215e-01],
       [-5.17576822e-01,  3.75260771e-01,  4.12267440e-01,
         1.32857496e-01, -3.70131773e-01,  1.30175605e-01,
         3.90471664e-01,  2.61640562e-01,  1.16988105e-01,
        -1.02108996e-01,  2.01070570e-03, -1.18409101e-03,
         1.18113344e-02,  3.61135002e-02, -4.49533633e-02,
        -2.91519950e-02,  1.91824313e-02,  3.27081170e-03],
       [ 1.27325026e-01,  5.59986818e-01, -6.02707815e-01,
        -2.01356526e-01, -1.88754285e-01,  4.04941300e-02,
         2.56425382e-01, -4.60453614e-02, -7.62741497e-02,
         3.36644454e-02, -2.33939832e-01, -1.01450412e-02,
        -1.02070229e-02, -1.25905670e-01,  1.87161386e-01,
         1.57444900e-01, -6.69135151e-02, -1.38657515e-01],
       [ 1.40958392e-01,  1.20668332e-01, -2.64772147e-01,
        -1.82061753e-01, -9.38531369e-02,  2.95522237e-02,
         1.67723340e-01,  6.20055551e-02, -1.36478198e-01,
        -1.33772323e-01,  5.72295627e-01,  1.36772034e-02,
         4.20593511e-03,  2.67816465e-01, -4.26878733e-01,
        -3.29032113e-01,  1.29254026e-01,  2.78376257e-01],
       [-5.02949938e-01,  9.99096089e-02, -1.52605097e-01,
        -2.22950456e-01, -1.91043191e-01, -4.59541994e-01,
        -3.92537489e-01, -2.01185226e-01,  2.10334034e-01,
         2.95641516e-01,  2.28118723e-01, -2.57020917e-02,
         4.88295351e-03, -1.35164923e-01, -2.51328742e-02,
         5.11878249e-02, -1.97832877e-02,  1.24687588e-01],
       [ 4.36340821e-01,  3.80064064e-01,  5.02012200e-01,
        -4.01718507e-01, -9.48453730e-02,  2.54515396e-01,
        -2.37857188e-01, -1.60807012e-01,  1.79059912e-01,
         2.00329379e-01,  1.01332317e-01, -1.54929979e-02,
         9.55642445e-03, -7.85199688e-02,  1.17599602e-02,
         3.75461866e-02, -1.34920923e-02,  6.97565413e-02],
       [-9.74412344e-03, -8.00792183e-02,  1.42393157e-02,
         6.08602451e-02,  5.67561816e-02,  1.20931563e-01,
         1.44239150e-01,  2.17067244e-02, -1.82856002e-01,
        -1.30236063e-01,  2.88406248e-01, -2.38399646e-02,
         7.92732579e-03, -7.61998091e-01,  8.28272218e-02,
         8.76954964e-02, -2.96515192e-01,  3.64888372e-01]])

EIGEN_VALUES = np.array([0.11643512, 0.06973232, 0.06414829, 0.05811179, 0.05008431,
       0.04354229, 0.01247356, 0.03666576, 0.03193203, 0.01598887,
       0.0179332 , 0.02827345, 0.02493487, 0.0216032 , 0.02269648,
       0.        , 0.        , 0.        ])

EIGEN_VECTORS = np.array([[-5.58767736e-02,  1.62917742e-01, -6.14916360e-02,
         5.95497004e-02,  1.30366390e-01,  3.07711513e-02,
         9.49480861e-01,  2.61951998e-02, -4.72443414e-02,
        -1.42676820e-01,  5.26842567e-02, -8.62183737e-02,
         5.18067375e-02,  8.51525395e-02,  1.15333635e-02,
         0.00000000e+00,  0.00000000e+00,  0.00000000e+00],
       [ 4.30837996e-01, -3.62281942e-01,  7.21579731e-02,
        -3.53786592e-01, -4.22010358e-01, -4.39277553e-03,
         1.57999909e-01,  1.25305142e-01,  1.08400426e-01,
        -1.92185899e-01, -4.64822554e-01,  1.20128015e-02,
        -8.57618923e-02,  2.26602033e-01, -1.01918261e-01,
         0.00000000e+00,  0.00000000e+00,  0.00000000e+00],
       [-2.86914334e-01,  3.09984945e-01, -5.37820740e-02,
         2.70209975e-01,  2.50976716e-01,  3.14470554e-02,
        -1.40307424e-01,  7.03901168e-02,  3.78869520e-02,
        -2.82347894e-01, -6.82458904e-01,  1.25748812e-01,
        -2.10032252e-02,  2.68376824e-01, -1.47913681e-01,
         0.00000000e+00,  0.00000000e+00,  0.00000000e+00],
       [ 5.54444980e-01,  5.88946925e-01,  4.55093269e-02,
        -3.10815308e-01,  2.34255150e-01, -3.60533478e-01,
        -6.71614168e-02, -1.08734028e-01, -1.47298100e-01,
        -4.08721680e-02, -1.83379942e-02,  1.13682340e-01,
         6.48345454e-02, -3.06457578e-02,  6.39649893e-02,
         0.00000000e+00,  0.00000000e+00,  0.00000000e+00],
       [ 1.97902535e-02, -1.68688169e-01,  7.29422375e-02,
         3.27976112e-02,  4.63613525e-02,  9.97833675e-03,
        -2.16462066e-02, -6.58927757e-01, -8.95549073e-02,
         6.84066726e-02,  9.21833315e-02,  5.17326594e-02,
         4.05730828e-01,  5.66673781e-01, -1.35066046e-01,
         0.00000000e+00,  0.00000000e+00,  0.00000000e+00],
       [ 2.18059627e-01,  1.67952396e-01,  8.13722644e-01,
         4.46085221e-01, -1.63697035e-01,  1.66230004e-01,
         2.42896742e-02,  3.49515403e-02,  3.60206030e-02,
         5.54603172e-03,  3.76710791e-02, -4.22035194e-02,
        -4.79862759e-02, -4.15934668e-04, -5.77483992e-03,
         0.00000000e+00,  0.00000000e+00,  0.00000000e+00],
       [ 2.27959317e-01,  2.83660227e-02, -1.28379104e-01,
         6.53117002e-02,  2.67956772e-01,  6.55826408e-02,
        -5.92075055e-03, -1.08698326e-01,  5.21207950e-01,
         8.03597713e-02,  1.87318824e-01, -1.56511796e-01,
        -4.56064259e-01,  1.20826410e-01, -5.27482205e-01,
         0.00000000e+00,  0.00000000e+00,  0.00000000e+00],
       [ 1.89267236e-01, -4.65449522e-01,  5.84480809e-02,
         3.09636752e-01,  4.55767679e-01, -5.04994331e-01,
         9.82100564e-04,  1.11954763e-01,  5.08707115e-02,
        -1.56138553e-02, -1.03748576e-01, -2.48091027e-01,
         1.39660435e-02,  4.43809137e-02,  3.09283060e-01,
         0.00000000e+00,  0.00000000e+00,  0.00000000e+00],
       [ 2.55596418e-02,  1.06800135e-01, -9.20649936e-02,
        -1.95643097e-02, -4.68161562e-02,  2.11460534e-01,
        -8.77104484e-02, -9.95854753e-02,  2.87734954e-01,
        -3.68107619e-01,  2.17149760e-01,  7.97823585e-02,
        -2.87396609e-01,  3.37174341e-01,  6.68181710e-01,
         0.00000000e+00,  0.00000000e+00,  0.00000000e+00],
       [ 4.42586641e-01, -3.41341534e-02, -3.69514323e-01,
         3.41468327e-01,  4.69219386e-02,  4.26231564e-01,
        -8.92977980e-02,  1.86702177e-01, -5.31417818e-01,
        -3.55086106e-03,  5.54237197e-02, -1.13237233e-01,
        -4.55402045e-02,  1.45697047e-01, -3.86024891e-02,
         0.00000000e+00,  0.00000000e+00,  0.00000000e+00],
       [ 1.15756378e-01, -1.28223914e-01, -3.75619248e-02,
         7.08229282e-02,  1.00701328e-01,  2.29645356e-01,
         1.02668842e-01, -6.29047896e-01, -5.58715957e-02,
         1.91430608e-02, -3.47071982e-01,  7.27731353e-02,
        -2.47059734e-01, -5.26368576e-01,  1.65127341e-01,
         0.00000000e+00,  0.00000000e+00,  0.00000000e+00],
       [-9.63067753e-02, -1.61176470e-01,  3.61049346e-01,
        -5.11112334e-01,  5.67850199e-01,  4.33443342e-01,
        -3.50807074e-02,  1.52170315e-01, -1.55562097e-01,
         1.79190166e-02, -1.72897257e-02, -7.90351905e-02,
        -3.54950262e-02,  7.44224684e-02,  2.40106079e-02,
         0.00000000e+00,  0.00000000e+00,  0.00000000e+00],
       [ 0.00000000e+00,  0.00000000e+00,  0.00000000e+00,
         0.00000000e+00,  0.00000000e+00,  0.00000000e+00,
         0.00000000e+00,  0.00000000e+00,  0.00000000e+00,
         0.00000000e+00,  0.00000000e+00,  0.00000000e+00,
         0.00000000e+00,  0.00000000e+00,  0.00000000e+00,
         1.00000000e+00,  0.00000000e+00,  0.00000000e+00],
       [ 0.00000000e+00,  0.00000000e+00,  0.00000000e+00,
         0.00000000e+00,  0.00000000e+00,  0.00000000e+00,
         0.00000000e+00,  0.00000000e+00,  0.00000000e+00,
         0.00000000e+00,  0.00000000e+00,  0.00000000e+00,
         0.00000000e+00,  0.00000000e+00,  0.00000000e+00,
         0.00000000e+00,  1.00000000e+00,  0.00000000e+00],
       [ 0.00000000e+00,  0.00000000e+00,  0.00000000e+00,
         0.00000000e+00,  0.00000000e+00,  0.00000000e+00,
         0.00000000e+00,  0.00000000e+00,  0.00000000e+00,
         0.00000000e+00,  0.00000000e+00,  0.00000000e+00,
         0.00000000e+00,  0.00000000e+00,  0.00000000e+00,
         0.00000000e+00,  0.00000000e+00,  1.00000000e+00],
       [ 2.54307728e-01, -1.42146362e-02, -1.29741481e-01,
         9.47367593e-02,  1.48502635e-01,  3.12213442e-01,
         3.07042299e-02,  1.77477992e-01,  5.12379132e-01,
         1.70964658e-01, -7.56132131e-02,  2.94437322e-01,
         5.80347432e-01, -1.55418977e-01,  1.10525928e-01,
         0.00000000e+00,  0.00000000e+00,  0.00000000e+00],
       [ 3.01373661e-02, -2.63216818e-01,  7.11948734e-02,
         9.31761314e-02,  1.39689281e-01, -1.14265371e-01,
         4.07925969e-02,  6.59062127e-02, -1.42541755e-01,
        -3.56639552e-01,  2.46293515e-01,  7.76867539e-01,
        -1.26750877e-01, -7.49519350e-02, -2.10008670e-01,
         0.00000000e+00,  0.00000000e+00,  0.00000000e+00],
       [-3.17285197e-02,  2.59437632e-02,  1.54275150e-04,
         2.38561981e-02, -4.67095181e-03, -5.89522109e-02,
         1.34852418e-01,  8.72002606e-02, -6.28809797e-02,
         7.46512734e-01, -1.48146495e-01,  3.90174634e-01,
        -3.32217403e-01,  2.88890376e-01,  1.98040093e-01,
         0.00000000e+00,  0.00000000e+00,  0.00000000e+00]])