import numpy as np
EIGEN_VALUES = np.array([0.11643512, 0.06973232, 0.06414829, 0.05811179, 0.05008431,
       0.04354229, 0.01247356, 0.03666576, 0.03193203, 0.01598887,
       0.0179332 , 0.02827345, 0.02493487, 0.0216032 , 0.02269648,
       0.        , 0.        , 0.        ])
EIGEN_VECTORS = np.array([[-5.58767736e-02,  1.62917742e-01, -6.14916360e-02,
         5.95497004e-02,  1.30366390e-01,  3.07711513e-02,
         9.49480861e-01,  2.61951998e-02, -4.72443414e-02,
        -1.42676820e-01,  5.26842567e-02, -8.62183737e-02,
         5.18067375e-02,  8.51525395e-02,  1.15333635e-02,
         0.00000000e+00,  0.00000000e+00,  0.00000000e+00],
       [ 4.30837996e-01, -3.62281942e-01,  7.21579731e-02,
        -3.53786592e-01, -4.22010358e-01, -4.39277553e-03,
         1.57999909e-01,  1.25305142e-01,  1.08400426e-01,
        -1.92185899e-01, -4.64822554e-01,  1.20128015e-02,
        -8.57618923e-02,  2.26602033e-01, -1.01918261e-01,
         0.00000000e+00,  0.00000000e+00,  0.00000000e+00],
       [-2.86914334e-01,  3.09984945e-01, -5.37820740e-02,
         2.70209975e-01,  2.50976716e-01,  3.14470554e-02,
        -1.40307424e-01,  7.03901168e-02,  3.78869520e-02,
        -2.82347894e-01, -6.82458904e-01,  1.25748812e-01,
        -2.10032252e-02,  2.68376824e-01, -1.47913681e-01,
         0.00000000e+00,  0.00000000e+00,  0.00000000e+00],
       [ 5.54444980e-01,  5.88946925e-01,  4.55093269e-02,
        -3.10815308e-01,  2.34255150e-01, -3.60533478e-01,
        -6.71614168e-02, -1.08734028e-01, -1.47298100e-01,
        -4.08721680e-02, -1.83379942e-02,  1.13682340e-01,
         6.48345454e-02, -3.06457578e-02,  6.39649893e-02,
         0.00000000e+00,  0.00000000e+00,  0.00000000e+00],
       [ 1.97902535e-02, -1.68688169e-01,  7.29422375e-02,
         3.27976112e-02,  4.63613525e-02,  9.97833675e-03,
        -2.16462066e-02, -6.58927757e-01, -8.95549073e-02,
         6.84066726e-02,  9.21833315e-02,  5.17326594e-02,
         4.05730828e-01,  5.66673781e-01, -1.35066046e-01,
         0.00000000e+00,  0.00000000e+00,  0.00000000e+00],
       [ 2.18059627e-01,  1.67952396e-01,  8.13722644e-01,
         4.46085221e-01, -1.63697035e-01,  1.66230004e-01,
         2.42896742e-02,  3.49515403e-02,  3.60206030e-02,
         5.54603172e-03,  3.76710791e-02, -4.22035194e-02,
        -4.79862759e-02, -4.15934668e-04, -5.77483992e-03,
         0.00000000e+00,  0.00000000e+00,  0.00000000e+00],
       [ 2.27959317e-01,  2.83660227e-02, -1.28379104e-01,
         6.53117002e-02,  2.67956772e-01,  6.55826408e-02,
        -5.92075055e-03, -1.08698326e-01,  5.21207950e-01,
         8.03597713e-02,  1.87318824e-01, -1.56511796e-01,
        -4.56064259e-01,  1.20826410e-01, -5.27482205e-01,
         0.00000000e+00,  0.00000000e+00,  0.00000000e+00],
       [ 1.89267236e-01, -4.65449522e-01,  5.84480809e-02,
         3.09636752e-01,  4.55767679e-01, -5.04994331e-01,
         9.82100564e-04,  1.11954763e-01,  5.08707115e-02,
        -1.56138553e-02, -1.03748576e-01, -2.48091027e-01,
         1.39660435e-02,  4.43809137e-02,  3.09283060e-01,
         0.00000000e+00,  0.00000000e+00,  0.00000000e+00],
       [ 2.55596418e-02,  1.06800135e-01, -9.20649936e-02,
        -1.95643097e-02, -4.68161562e-02,  2.11460534e-01,
        -8.77104484e-02, -9.95854753e-02,  2.87734954e-01,
        -3.68107619e-01,  2.17149760e-01,  7.97823585e-02,
        -2.87396609e-01,  3.37174341e-01,  6.68181710e-01,
         0.00000000e+00,  0.00000000e+00,  0.00000000e+00],
       [ 4.42586641e-01, -3.41341534e-02, -3.69514323e-01,
         3.41468327e-01,  4.69219386e-02,  4.26231564e-01,
        -8.92977980e-02,  1.86702177e-01, -5.31417818e-01,
        -3.55086106e-03,  5.54237197e-02, -1.13237233e-01,
        -4.55402045e-02,  1.45697047e-01, -3.86024891e-02,
         0.00000000e+00,  0.00000000e+00,  0.00000000e+00],
       [ 1.15756378e-01, -1.28223914e-01, -3.75619248e-02,
         7.08229282e-02,  1.00701328e-01,  2.29645356e-01,
         1.02668842e-01, -6.29047896e-01, -5.58715957e-02,
         1.91430608e-02, -3.47071982e-01,  7.27731353e-02,
        -2.47059734e-01, -5.26368576e-01,  1.65127341e-01,
         0.00000000e+00,  0.00000000e+00,  0.00000000e+00],
       [-9.63067753e-02, -1.61176470e-01,  3.61049346e-01,
        -5.11112334e-01,  5.67850199e-01,  4.33443342e-01,
        -3.50807074e-02,  1.52170315e-01, -1.55562097e-01,
         1.79190166e-02, -1.72897257e-02, -7.90351905e-02,
        -3.54950262e-02,  7.44224684e-02,  2.40106079e-02,
         0.00000000e+00,  0.00000000e+00,  0.00000000e+00],
       [ 0.00000000e+00,  0.00000000e+00,  0.00000000e+00,
         0.00000000e+00,  0.00000000e+00,  0.00000000e+00,
         0.00000000e+00,  0.00000000e+00,  0.00000000e+00,
         0.00000000e+00,  0.00000000e+00,  0.00000000e+00,
         0.00000000e+00,  0.00000000e+00,  0.00000000e+00,
         1.00000000e+00,  0.00000000e+00,  0.00000000e+00],
       [ 0.00000000e+00,  0.00000000e+00,  0.00000000e+00,
         0.00000000e+00,  0.00000000e+00,  0.00000000e+00,
         0.00000000e+00,  0.00000000e+00,  0.00000000e+00,
         0.00000000e+00,  0.00000000e+00,  0.00000000e+00,
         0.00000000e+00,  0.00000000e+00,  0.00000000e+00,
         0.00000000e+00,  1.00000000e+00,  0.00000000e+00],
       [ 0.00000000e+00,  0.00000000e+00,  0.00000000e+00,
         0.00000000e+00,  0.00000000e+00,  0.00000000e+00,
         0.00000000e+00,  0.00000000e+00,  0.00000000e+00,
         0.00000000e+00,  0.00000000e+00,  0.00000000e+00,
         0.00000000e+00,  0.00000000e+00,  0.00000000e+00,
         0.00000000e+00,  0.00000000e+00,  1.00000000e+00],
       [ 2.54307728e-01, -1.42146362e-02, -1.29741481e-01,
         9.47367593e-02,  1.48502635e-01,  3.12213442e-01,
         3.07042299e-02,  1.77477992e-01,  5.12379132e-01,
         1.70964658e-01, -7.56132131e-02,  2.94437322e-01,
         5.80347432e-01, -1.55418977e-01,  1.10525928e-01,
         0.00000000e+00,  0.00000000e+00,  0.00000000e+00],
       [ 3.01373661e-02, -2.63216818e-01,  7.11948734e-02,
         9.31761314e-02,  1.39689281e-01, -1.14265371e-01,
         4.07925969e-02,  6.59062127e-02, -1.42541755e-01,
        -3.56639552e-01,  2.46293515e-01,  7.76867539e-01,
        -1.26750877e-01, -7.49519350e-02, -2.10008670e-01,
         0.00000000e+00,  0.00000000e+00,  0.00000000e+00],
       [-3.17285197e-02,  2.59437632e-02,  1.54275150e-04,
         2.38561981e-02, -4.67095181e-03, -5.89522109e-02,
         1.34852418e-01,  8.72002606e-02, -6.28809797e-02,
         7.46512734e-01, -1.48146495e-01,  3.90174634e-01,
        -3.32217403e-01,  2.88890376e-01,  1.98040093e-01,
         0.00000000e+00,  0.00000000e+00,  0.00000000e+00]])